  5914930140156444444444444444444
  8064202144113332333333323233333
 10110842174111321221023243010012
 1292058817112 442332334333432233
 14514201141163221222221222222222
 21764268141230344433243343344422
 21900901135133431232223343324442
 23661866143260444444444444444444
 24120910141164433241234223442444
 28010941 21161323243432323133122
 28244870144167333332333333133333
 33424962190160334312223333233332
 35200942 25131422333444333443233
 3693328214314 333333333333333333
 3752428214013 302010222122111121
 43700750 21162333232223334123441
 44964811140224344431232113321342
 45814952 21162233221212223122233
 49514802131163322131323122212333
 56930712190154221322222222222222
 57864265192220444343432224024242
 6263198214015 334332114222413433
 64234940144111333333333333333233
 66460400153223443341224313434344
 67500973141167344444443444444444
 67601908 21163222122101233312324
 67810900184223212330233223033131
 70400930140156111201111111111121
 70620958124112100001112000100110
 70860706143253444440444444444444
 72314211143154414040423043331423
 75311580 2311 111111112121111111
 76401920141165323331333333333333
 77460920145135423441334334432444
 77702958143202343434434444444444
 78204962141160333423433333333333
 81113951 21162111111111111111111
 81514571144227111122212121111121
 8186188614526 433441112034404034
 82960955146122343343324333333331
 85732482 8412 434424444434444344
 8891498814612 101010103101310203
 89210912141164111110101111101111
 91630942144151333333333333333333
 9270028214513 433342333332343333
 93500871143367333332444332323331
 94210928140155333333333333333233
 94900948145131433312434224133440
 95911801124263341333323423433333
 98520848143161322444444444424444
100210920145125101111121111111112
103330938143166433332444424433434
106560271143247110211322022142121
106663806145333214223232313213310
108704950141162212314021332332231
111100910145134444433444344344422
113003968143260444444434443433444
113244911133164434344444443434444
113414950141162220121113123311132
113500802140153311131233333322331
114644245144121332331333333333343
115713152144112444444444444444444
120604800140163323333323443442332
12196398014321 222221222222121212
123400950141162333343334333434333
127110948144111434434334443444344
128610942 26121322130112112212222
12883448218113 320331103211122120
130510742 24151333341244232333423
13092128214315 333332333333333333
134944962180330333243323212222232
136014900 21163333333333333333333
136310932165136120001122111011110
138034500 21163433323333434444334
138710952141162233222223223223222
140860915144164001102323101112044
141310260140130333333323333333333
142113418141224344443324232333222
14234498814315 313323213333413434
145431940 51131323332333333322323
146124268194220222222421211222222
146301962141160222030022023100221
14866098814023 000111112111120112
153831942170161434444444444434334
155061946145131212232122221312332
156714950141162434443333433333344
159700068140220433444434434334443
160114062140120444444444444444444
160310852146122433333433344322343
163413942145131234324332433323342
164801952 25132333130433134110312
165314910141164444443444424344433
166364900145133334433433444343233
166913942 25131433333333443233343
16701448814612 211110222122112223
167304220 63265423233334333243433
168060852180132312122322113220334
168524950 21162131311233222201322
168920958124112000001111001001110
169020970 53257344443444434344344
169910900140153444444444444444444
17042098014303 444344334444344443
170824932141166333240333132332213
171564962 21160211111211122111011
172010450141162443443443333334444
172414202140163444343443434443444
173121912 61164322223133332223322
174964411140224134242424332333333
176102718 25134332233233323223323
177964930143136433323343444234343
178824950 21162133242223321132323
17966288619423 434143344444244442
179700900141163333332243313223422
180114900 53113222322233223211221
181911915 21164121022212212211222
184910925141165433234343344433333
185110925145135223333344343432243
186331748 21161223121122122111232
186810925145135333234233223243243
186914950143142412444433412312244
188120425141135332412333312243443
189010948 25121222312323312322233
189214500141163344343432334333343
191800962 25130343334433444444444
194314930140156444444444444444444
194513550 54162321122221211322222
196504948 25131222222222222222222
198413550 54162211121212112121221
198514920140155333322111423222441
199801863141160443424443443344443
199904720121165003132232304333213
200514950 55132322224444444331433
200900940 21161433333233332344322
201020866143140434244234433322433
206910930141166232324434443333344
210750963141360233332133233232333
210820925141165342331333244233422
21111428214116 413223424334243233
21166498814323 433243244342433434
212860213183154332233433434322442
212904942181161112112213122112221
213300955 25132212222223223323333
214234570 20157334434334334424333
214800952 21162323222322222222232
216164846193261332322223222132221
216524911 20154443444444444444444
216824960 53150211122122232122222
216911921141165231222333323332232
217060945 26121444444444444434444
217701973141167223331121231233332
219824162183150443441344444434444
220750142143141444342243323333343
221821962170150432344333434344331
22200098614013 433213134332122241
222914982 2116 332332333233333332
224821948143261444444444344444444
225534062140150323333223323321332
225800973 21167343343333344131233
228660866173230333243424444323432
230100912175134334443443334433434
23042448214416 122111212232211212
239513962180150221212222222222222
24161428814116 444444444444443444
24186118614025 433234334344233443
242524152193162210432213332221421
242731801143163444444444444444444
244164245190261322223234333211234
244362866143260432332233344232221
246934440140131333333333333333333
247361836 60266243233234423322332
251414462191160111221211121212222
252910902140153222212223222223222
254524570140157444444444444444444
254710930141166444342444234434344
254900725143225434343244333433334
255020950141162444444443443444434
255160146143221424443444444040440
25522448214411 222233331321324323
25696488617426 333132222412332122
259911512 65134432232324323133332
260710262146020333333233333333332
261120900140163110010211000020210
261414252144262444444444444444444
262714920140155344342333233142433
26366408614123 244233314412334343
263713260 50160443444444344344443
264243900145133444434443444444444
264724533143156433342334433321433
266114900140153220101112122212222
266361902140253320123013244223432
266460910145134343441434133313243
267264570145137344343443434443323
270164500144133444344444244434444
27111058814423 333334334333433333
277764961146120312104223132101233
277904161140150232233432330331134
282061908143153210111011122211321
283000950 21162433233214333132441
28416128614426 434444343434344244
287214515 66124333123224133311243
288760701145133223321114321321123
289510940 31161443434433444334433
289663503143213213432423334323222
289704950141162433333334443434444
290661066140230333343434333344414
291464910143234321111223322112322
292060138143226344243334322434444
292262268145220432113222244321333
294160876 23247100100112101112120
294314950141162221322322223322123
295330950145132343444344344443344
296710942145131322222323222323233
296861876143267333322012310322243
301102700145133444444444444444444
302021930140156444444444444444444
302520935144116444444444444344444
303200212184114432433240323324223
30360448514512 442434333433323434
304411852 80152311122223112122222
304830558144162233243333344322332
305841242143111333333333333333333
30890278014116 303231342144324422
311844962193040221212223122222312
31206088614522 342433334243433343
315804260 53320443333444343333333
315924960144150444434444433443444
31650488114422 323021213222122313
317404950 66122332333333333333333
317511940 56121333333333333333333
317860970140137333323223333323243
318224542121161332333433332222331
318960206143253323223222233221432
31906428814116 332322323323223323
319201970144117434433344333444444
319560920140155343433334333333332
319734281 2310 433443434344443344
323760970143267444342444434333444
324500545 61161323333333333333323
324964525143255334222333424323333
32610098814012 222222222222222222
326760970143167243332432432234233
326860573140157444444444444444444
327360400153233333232234312233322
328112972120157212222323133312322
328214942191161333123412133322332
328760876 20267433333424444233333
329310950143142200211324134111241
335410443140151334444444444434444
335501910 42224333333333323333333
335962866144260213232143302312344
336010961 55130222222222223222222
33636028614321 214324342241122330
336924931145136344434434444443334
337260268143210332333333433333333
341414910141164444444444444444444
341663876143217441333224223423321
342821930144156132323002311122341
343661866144260444444444444444444
344424900144113444444334434434434
344664968146120313234344443444243
346060560144130444243344443234444
346753451140332444444444444343444
348910450141162444444433433434343
349320950141162333443433344333333
349704948143141443131224333323312
353161551141162444444444444444444
354503968146120434434344443444434
35486498814326 434434334344334334
355004965143220221222112222222222
355200968185130443343444344333432
358721948144111443434434334433433
360311813140224443323233442342444
361301951145122242413342204013011
362300510145134444444444444444444
362610766194150222222221222222222
363554451180122231213122112213422
